NaN, 0.565232, 0.557546, 0.550065, 0.542783, 0.535691, 0.528783, 0.52205, 0.515486, 0.509085, 0.502842, 0.496749, 0.490803, 0.484997, 0.479327, 0.473788, 0.468376, 0.463085, 0.457913, 0.452856, 0.447908, 0.443068, 0.438331, 0.433694, 0.429155, 0.424709, 0.420355, 0.416089, 0.411909, 0.407812, 0.403795, 0.399857, 0.395995, 0.392207, 0.388491, 0.384844, 0.381266, 0.377753, 0.374304, 0.370918, 0.367592, 0.364326
-0.2, -0.974394, -0.972109, -0.969748, -0.967564, -0.964922, -0.961987, -0.959801, -0.956727, -0.953547, -0.949109, -0.945663, -0.941932, -0.938132, -0.933566, -0.92874, -0.924588, -0.919149, -0.913299, -0.908261, -0.902545, -0.895704, -0.88852, -0.883137, -0.876054, -0.869825, -0.859602, -0.849235, -0.843871, -0.83227, -0.821359, -0.812527, -0.801781, -0.792794, -0.780477, -0.768386, -0.755106, -0.746303, -0.727945, -0.720226, -0.705382, -0.689427
-0.18, -0.973332, -0.971122, -0.969085, -0.966582, -0.96381, -0.961292, -0.958184, -0.95439, -0.951347, -0.947043, -0.944008, -0.939932, -0.935971, -0.931125, -0.92635, -0.920686, -0.91519, -0.910133, -0.903581, -0.897075, -0.891088, -0.882479, -0.876544, -0.868622, -0.860082, -0.851557, -0.841984, -0.832064, -0.824792, -0.809489, -0.802067, -0.788553, -0.775477, -0.76688, -0.751486, -0.737791, -0.727021, -0.712636, -0.700433, -0.685585, -0.668414
-0.16, -0.972689, -0.970372, -0.967596, -0.964834, -0.962105, -0.959351, -0.95604, -0.952423, -0.949105, -0.945573, -0.941042, -0.936417, -0.932294, -0.927596, -0.921293, -0.917037, -0.911386, -0.905471, -0.898562, -0.891266, -0.884063, -0.876244, -0.867596, -0.860969, -0.852777, -0.84287, -0.832392, -0.821814, -0.808516, -0.796389, -0.786814, -0.771712, -0.760136, -0.747339, -0.736301, -0.717812, -0.705713, -0.691094, -0.677179, -0.656819, -0.639343
-0.14, -0.971119, -0.96913, -0.96629, -0.963497, -0.960687, -0.957997, -0.954132, -0.950802, -0.946354, -0.94315, -0.939505, -0.933778, -0.929037, -0.924584, -0.919471, -0.913479, -0.90707, -0.900164, -0.893563, -0.885186, -0.878264, -0.868703, -0.860818, -0.851169, -0.840716, -0.829906, -0.820888, -0.807732, -0.797046, -0.783676, -0.76903, -0.757266, -0.739709, -0.729009, -0.710449, -0.695935, -0.680521, -0.660174, -0.648883, -0.629946, -0.609309
-0.12, -0.970138, -0.967631, -0.964936, -0.96187, -0.959344, -0.95606, -0.951781, -0.947988, -0.944935, -0.940594, -0.935512, -0.931348, -0.926107, -0.919939, -0.914424, -0.90834, -0.900465, -0.89413, -0.887515, -0.877798, -0.872134, -0.859839, -0.851229, -0.839841, -0.831237, -0.815468, -0.805725, -0.792561, -0.773857, -0.762166, -0.747396, -0.734127, -0.72128, -0.692068, -0.679692, -0.663263, -0.645426, -0.631358, -0.607933, -0.585348, -0.575528
-0.1, -0.969295, -0.966622, -0.963484, -0.960362, -0.956683, -0.954006, -0.950167, -0.946816, -0.942478, -0.937334, -0.93245, -0.926409, -0.920922, -0.915795, -0.90899, -0.902761, -0.894384, -0.887451, -0.879729, -0.871429, -0.860943, -0.8484, -0.838385, -0.826179, -0.816392, -0.804736, -0.784337, -0.773208, -0.758296, -0.73994, -0.729864, -0.712118, -0.689696, -0.660263, -0.648585, -0.622433, -0.605525, -0.589251, -0.56608, -0.54003, -0.514624
-0.08, -0.967429, -0.965074, -0.962059, -0.958734, -0.955193, -0.952132, -0.947616, -0.943581, -0.938521, -0.933913, -0.929084, -0.92318, -0.916947, -0.910494, -0.904804, -0.895618, -0.88869, -0.878437, -0.870289, -0.86176, -0.850495, -0.839292, -0.829258, -0.811309, -0.797069, -0.785654, -0.76875, -0.754648, -0.730678, -0.711325, -0.690242, -0.664263, -0.6422, -0.627116, -0.595836, -0.579074, -0.555341, -0.523199, -0.496087, -0.471402, -0.465219
-0.06, -0.966902, -0.963697, -0.960426, -0.956834, -0.953737, -0.949187, -0.945422, -0.939893, -0.935732, -0.930636, -0.924235, -0.919138, -0.912001, -0.905657, -0.896343, -0.889175, -0.879848, -0.867593, -0.859486, -0.845878, -0.832485, -0.821502, -0.80828, -0.794129, -0.77511, -0.755359, -0.733312, -0.713428, -0.679772, -0.662185, -0.639769, -0.617179, -0.580813, -0.565585, -0.521161, -0.495327, -0.482414, -0.448632, -0.417466, -0.407043, -0.382465
-0.04, -0.964912, -0.961673, -0.958587, -0.954453, -0.950791, -0.946746, -0.941798, -0.937947, -0.932079, -0.92631, -0.919792, -0.91228, -0.904903, -0.896801, -0.888787, -0.878152, -0.86885, -0.858882, -0.847362, -0.830182, -0.81367, -0.799045, -0.775953, -0.767795, -0.740251, -0.709593, -0.680339, -0.652035, -0.625423, -0.594896, -0.57218, -0.532945, -0.474951, -0.472343, -0.414107, -0.375079, -0.368429, -0.348288, -0.318296, -0.307244, -0.284032
-0.02, -0.963684, -0.960122, -0.956206, -0.951648, -0.948681, -0.943909, -0.938437, -0.932649, -0.928141, -0.921247, -0.914544, -0.906969, -0.897842, -0.889945, -0.880026, -0.869745, -0.852894, -0.842751, -0.827205, -0.800358, -0.774562, -0.765513, -0.710353, -0.68302, -0.66339, -0.631632, -0.58886, -0.535455, -0.447568, -0.437355, -0.393754, -0.358524, -0.303399, -0.265134, -0.25836, -0.241867, -0.205767, -0.178789, -0.168136, -0.155613, -0.17187
0, 0.961441, 0.957889, 0.953138, 0.949581, 0.944624, 0.940484, 0.932896, 0.927578, 0.921847, 0.913405, 0.908253, 0.898682, 0.888115, 0.879377, 0.857593, 0.852403, 0.836645, 0.800832, 0.764361, 0.499015, 0.705935, -0.648685, -0.499902, 0.0391973, 0.142824, 0.00651244, 0.0534204, -0.127621, -0.0894923, 0.00503433, 0.0152476, 0.0351301, 0.0243057, 0.00751472, -0.0327602, -0.00449471, 0.000259549, -0.0250985, 0.0247146, -0.030773, -0.00586942
0.02, 0.963058, 0.959934, 0.956846, 0.952104, 0.947797, 0.943269, 0.938951, 0.933651, 0.92805, 0.920906, 0.912307, 0.908524, 0.898037, 0.889206, 0.880074, 0.867299, 0.855784, 0.840429, 0.824644, 0.804984, 0.788235, 0.768912, 0.736117, 0.69501, 0.676269, 0.61703, 0.593994, 0.530552, 0.508023, 0.477473, 0.41784, 0.351326, 0.304223, 0.290478, 0.255612, 0.237678, 0.222155, 0.175413, 0.187924, 0.151894, 0.162108
0.04, 0.964991, 0.96237, 0.958868, 0.955061, 0.950731, 0.94602, 0.941427, 0.93717, 0.932709, 0.926155, 0.91944, 0.912989, 0.90618, 0.898363, 0.888803, 0.87825, 0.870918, 0.857808, 0.844233, 0.831536, 0.820038, 0.798321, 0.772744, 0.764876, 0.740377, 0.712337, 0.679526, 0.658302, 0.624135, 0.600853, 0.570473, 0.510299, 0.493163, 0.456646, 0.437589, 0.393675, 0.376308, 0.344077, 0.301269, 0.281451, 0.279594
0.06, 0.966271, 0.963506, 0.960424, 0.957561, 0.952958, 0.948798, 0.944609, 0.94068, 0.936259, 0.929664, 0.923348, 0.918774, 0.912314, 0.90525, 0.897531, 0.890171, 0.878505, 0.867041, 0.860536, 0.847335, 0.835787, 0.823287, 0.806354, 0.792871, 0.772428, 0.757478, 0.746566, 0.707059, 0.697047, 0.664746, 0.637498, 0.61726, 0.589591, 0.554891, 0.533702, 0.501493, 0.477332, 0.446264, 0.438675, 0.406692, 0.376887
0.08, 0.967878, 0.964814, 0.961934, 0.958749, 0.955352, 0.95125, 0.947654, 0.943726, 0.938577, 0.934258, 0.92817, 0.92249, 0.916705, 0.911098, 0.904263, 0.896292, 0.886744, 0.880327, 0.870315, 0.857027, 0.850541, 0.83476, 0.829039, 0.808473, 0.797483, 0.78308, 0.76573, 0.745485, 0.724637, 0.708989, 0.698586, 0.669165, 0.644354, 0.618338, 0.593979, 0.583662, 0.552608, 0.523016, 0.497651, 0.490318, 0.457704
0.1, 0.969119, 0.96656, 0.963676, 0.960472, 0.956823, 0.95406, 0.95022, 0.945999, 0.941007, 0.936477, 0.93312, 0.927479, 0.922118, 0.914847, 0.909325, 0.90364, 0.896125, 0.888331, 0.878071, 0.869968, 0.862156, 0.852318, 0.84176, 0.8293, 0.81766, 0.803306, 0.789489, 0.77351, 0.758291, 0.742247, 0.720562, 0.701298, 0.687612, 0.665856, 0.64673, 0.624755, 0.610722, 0.579155, 0.557795, 0.541772, 0.521955
0.12, 0.970419, 0.967794, 0.965504, 0.962109, 0.959108, 0.955751, 0.952013, 0.948576, 0.944001, 0.939928, 0.935033, 0.930498, 0.92593, 0.920736, 0.914856, 0.907903, 0.900667, 0.893306, 0.888104, 0.878913, 0.871029, 0.860581, 0.853767, 0.84012, 0.830204, 0.819847, 0.80674, 0.792848, 0.782165, 0.765113, 0.752156, 0.735895, 0.715821, 0.697552, 0.684415, 0.665928, 0.643801, 0.625644, 0.613783, 0.586293, 0.565722
0.14, 0.971543, 0.968684, 0.966191, 0.963445, 0.96071, 0.957607, 0.953891, 0.950804, 0.946275, 0.942559, 0.938271, 0.933798, 0.928598, 0.924498, 0.919133, 0.912802, 0.906976, 0.899755, 0.893269, 0.885718, 0.878392, 0.868366, 0.859923, 0.851515, 0.840394, 0.831977, 0.81785, 0.808996, 0.796996, 0.783417, 0.773649, 0.758741, 0.738098, 0.724131, 0.71348, 0.690762, 0.681135, 0.661753, 0.64585, 0.62856, 0.61526
0.16, 0.972589, 0.970179, 0.967578, 0.964945, 0.96189, 0.959255, 0.95647, 0.951906, 0.949246, 0.945373, 0.940778, 0.936655, 0.932338, 0.92804, 0.921569, 0.916895, 0.911389, 0.904992, 0.898416, 0.892087, 0.884809, 0.877452, 0.867642, 0.861334, 0.850462, 0.84024, 0.831057, 0.821131, 0.809196, 0.798523, 0.789782, 0.774039, 0.759976, 0.749741, 0.732626, 0.718464, 0.705629, 0.690007, 0.672244, 0.657628, 0.641003
0.18, 0.973566, 0.971301, 0.9689, 0.96645, 0.963818, 0.961239, 0.957876, 0.954752, 0.950888, 0.94779, 0.943311, 0.939709, 0.934798, 0.930705, 0.925869, 0.920114, 0.914858, 0.909412, 0.904243, 0.897248, 0.890141, 0.883301, 0.877277, 0.86908, 0.860103, 0.850344, 0.842746, 0.833189, 0.822793, 0.811434, 0.801852, 0.789523, 0.774328, 0.765469, 0.749203, 0.733828, 0.728096, 0.709897, 0.701149, 0.683307, 0.666592
